64
18
385
467
101
115
78
408
121
425
102
203
236
437
120
2
9
29
96
97
168
16
665
228
186
165
80
374
21
48
520
195
685
71
272
95
36
30
156
26
129
38
159
419
333
101
138
249
78
72
563
56
543
344
94
351
350
20
190
91
18
30
89
217
13
13
122
92
455
421
96
50
256
248
46
274
82
57
304
61
223
128
182
65
307
84
549
548
33
342
97
145
56
37
49
22
12
14
30
30
135
474
504
146
99
160
116
352
467
39
81
434
359
525
564
94
223
49
136
16
63
126
102
229
78
200
41
225
242
289
38
734
134
459
594
202
810
413
143
121
411
10
22
206
428
33
257
522
506
36
309
50
68
6
73
228
39
148
100
97
660
31
32
29
141
19
426
136
369
172
474
572
222
35
51
456
261
169
200
103
242
374
83
104
300
153
170
279
36
288
416
6
5
8
86
65
83
223
30
325
430
382
504
197
15
4
420
125
43
82
311
49
344
22
179
211
161
60
