1
0
0
1
10
8
2
1
1
9
6
11
1
1
6
6
5
2
2
2
5
26
9
6
22
0
4
1
1
7
1
7
7
6
1
2
9
4
0
1
14
3
6
10
6
2
6
6
18
6
6
1
37
11
7
3
12
27
21
9
13
8
5
34
27
17
2
14
9
8
25
10
13
4
4
3
3
2
11
3
6
9
4
9
6
21
6
13
8
2
1
4
7
23
12
4
14
12
2
5
3
19
11
2
0
18
4
1
11
3
30
11
12
7
8
11
6
2
3
0
2
6
1
0
6
3
2
6
8
5
2
4
7
5
11
1
0
6
1
0
16
5
14
4
9
13
17
11
5
9
12
15
9
3
3
1
1
0
1
0
0
0
0
1
0
0
10
9
2
8
3
5
12
9
0
5
2
2
6
9
8
7
4
2
7
6
0
13
2
8
1
11
4
14
6
1
0
3
6
4
6
1
9
4
9
3
9
2
2
2
22
0
0
0
1
6
9
0
7
4
13
11
11
27
4
11
6
14
5
8
30
6
6
9
7
5
5
21
6
4
3
15
6
13
16
1
6
2
6
5
7
6
3
1
4
7
1
1
3
2
12
9
8
3
14
3
3
4
7
0
0
0
5
2
6
3
6
3
3
5
10
4
3
13
4
11
6
6
5
6
19
24
0
0
0
8
2
4
18
14
9
10
9
22
17
12
13
18
15
9
8
11
28
27
13
0
13
11
3
12
8
2
1
4
1
8
13
2
20
12
15
9
28
4
14
18
14
13
9
14
24
2
19
9
5
2
2
1
5
2
2
19
6
2
3
2
2
3
9
8
1
2
3
7
3
17
3
2
10
7
5
19
17
2
13
2
3
0
1
17
5
18
13
4
12
12
12
14
11
0
3
3
20
15
1
4
5
24
1
1
14
19
4
17
3
4
6
6
0
0
0
0
2
1
22
14
0
5
5
3
0
6
4
4
0
0
28
2
5
8
4
2
8
16
15
13
10
16
1
6
4
6
4
2
3
3
9
5
9
7
9
21
0
14
9
2
7
11
1
5
2
2
5
8
12
4
6
12
4
15
24
3
8
8
4
10
0
0
8
16
1
2
6
31
25
11
7
11
4
0
0
5
3
13
7
14
13
4
5
11
1
6
14
2
2
0
0
0
0
0
2
10
3
2
4
8
3
2
11
9
14
8
10
6
1
10
5
5
7
7
3
10
10
33
4
3
0
0
0
15
9
11
15
15
5
6
4
7
5
6
10
6
7
17
4
10
7
8
9
2
13
17
17
9
43
20
12
2
17
3
9
0
0
0
0
10
4
4
6
5
0
2
1
9
2
3
3
3
1
20
0
2
2
2
6
21
6
6
5
2
5
6
1
1
5
0
3
3
12
5
0
10
8
4
10
5
5
2
3
7
36
24
20
1
12
21
3
18
13
17
1
2
1
3
1
3
7
8
10
13
6
3
4
16
9
8
7
5
11
9
19
1
0
9
0
5
17
1
0
0
18
9
16
5
9
3
