23
11
0
18
125
36
7
4
15
89
89
48
12
32
34
20
50
49
12
2
20
393
67
63
410
0
30
1
2
61
5
24
83
31
3
3
36
100
0
26
120
4
33
76
65
3
39
17
295
126
81
5
638
239
51
13
121
514
462
202
167
124
78
460
286
280
22
213
63
119
425
133
201
31
10
4
5
2
256
5
60
98
11
219
93
255
73
184
72
8
23
29
69
341
147
36
192
187
5
60
4
349
114
5
0
416
15
4
295
15
467
272
168
117
169
258
54
11
17
1
9
55
3
2
40
19
10
45
35
40
11
27
49
12
73
2
5
17
5
0
259
34
216
16
284
336
239
133
105
108
144
238
101
25
45
11
70
3
31
6
0
0
4
19
4
0
165
110
18
105
74
33
195
159
5
83
30
6
21
85
127
40
10
2
45
27
0
154
3
80
4
230
29
266
29
9
0
15
51
24
23
11
51
35
158
12
27
6
4
4
375
0
0
0
4
83
85
33
32
26
125
62
87
325
58
164
14
132
18
76
631
97
109
56
48
24
30
354
117
27
20
296
157
238
292
2
31
6
32
65
93
11
25
14
20
48
20
14
9
3
73
53
199
22
240
7
8
21
132
0
0
10
71
10
67
25
146
10
114
66
173
34
6
200
12
147
113
47
96
96
239
418
0
0
6
154
13
29
220
150
104
163
94
405
213
190
192
403
370
217
172
264
448
429
230
3
198
311
5
85
68
4
4
35
32
58
55
10
385
88
144
96
590
39
235
209
202
189
132
122
362
27
392
224
21
3
19
4
15
3
3
143
24
3
10
3
3
26
36
27
3
10
8
26
5
183
20
52
143
124
90
239
220
23
173
12
25
0
1
301
40
320
183
36
166
131
85
118
86
2
12
7
389
259
13
93
20
299
12
7
164
268
8
375
9
33
136
198
3
0
0
0
60
39
273
120
0
49
38
63
0
127
21
20
0
6
338
3
32
46
16
38
67
224
208
170
61
259
3
212
67
104
36
28
10
4
22
21
35
114
79
432
0
159
92
3
212
125
51
14
29
6
35
53
222
90
78
239
14
212
416
28
121
124
27
94
0
0
74
158
3
10
86
403
365
144
32
115
36
2
2
33
13
134
76
233
88
35
30
102
6
13
189
29
21
24
0
0
0
0
3
103
8
15
37
34
4
2
40
51
234
81
82
16
6
74
28
30
25
26
7
78
135
467
38
322
0
27
1
101
70
161
157
200
114
52
35
36
49
52
42
37
30
220
67
32
70
117
56
19
104
158
341
123
623
398
213
3
247
5
176
1
3
45
0
50
34
28
117
79
0
13
1
121
3
4
4
4
26
269
0
16
8
35
108
348
42
55
33
7
63
88
2
14
73
3
19
13
203
51
0
114
65
13
74
51
26
5
7
59
553
451
394
7
169
398
34
360
179
323
4
43
1
6
11
12
115
73
163
135
123
14
61
227
52
142
114
63
192
35
334
36
1
200
21
63
249
47
8
1
437
160
381
116
374
63
