601000000
10100000
513000000
484000000
2740000
11900000
999000
10200000
21700000
8400000
3540000
7340000
116000000
10800000
1330000
3780000
10800000
1130000
1210000
30500000
5880000
177000000
7180000
1260000
273000000
529000000
30800000
1700000
3090000
771000
40200000
199000000
79500000
41100000
3
54700
13500000
269000000
268000000
13900
6630000
34900000
1490000
1860000
2110000
1300000
2210000
1810000
222000000
2830000
124000000
8450000
29700000
72500000
3740000
27000000
131000000
280000000
382000000
53300
13400000
563000
960000
152000000
9430000
121000000
3340000
1480000
75700000
3330000
5700000000
28900000
171000000
3400000
1810000
1340000
1170000
69700000
551000000
42500000
1810000
121000000
617000
18200000
32200000
13600000
6130000
46100000
28700000
1240000
2770000
186000000
38400000
18000000
52200
84400000
31000000
10800000
34600000
8860000
1140000
11300000
2370000
492000
2510000
176000000
1910000
3890000
62300000
166000
3220000
2490000
9270000
1640000
4880000
73600000
3030000
20900000
24400000
202000
1420000
41900000
78200000
1410000000
11400000
33200000
46200000
4320000
92500000
26700000
1050000
27400000
46400000
1730000
11400000
899000
865000
894000
12100000
8740000
38400000
9410000
5320000
65500000
146000000
65900000
274000000
21600000
89900000
92200000
34100000
9010000
29500000
13700000
12100000
904000000
2720000000
321000000
532000000
634000000
1430000
179000000
162000000
1520000000
94100000
149000000
62000000
8680000
10500000
9340000
105000000
1650000
84900000
9400000
433000000
232000000
1210000
1610000
129000000
1080000
516000000
834000
79000
1840000
1240000
22800000
69500000
61700000
127000000
3630000
65600000
20100000
12800000
84900000
4730000
21500000
187000000
10200000
2460000
38600000
1390000
1540000
328000000
174000000
294000000
875000
212000
89500000
36500000
21000000
2430000000
74300000
11900000
253000000
2280000
4100000
5940000
3060000000
126000000
46600000
65500000
1170000
3270000
10600000
69000000
209000000
90700000
61000000
2050000
32500000
451000000
4730000
23300000
87700000
3770000
1260000
19900000
55600000
337000000
95500000
4430000
71600000
1480000
28000000
5390000
1040000
2680000
6710000
3600000
8900000
30700000
30200000
17700000
1500000
5870000
36600000
22700000
17500000
19100000
2470000
9400000
17500000
40300000
26300000
33200000
838000
3640000
1500000
4250000
3070000
457000000
88100000
8640000
98600000
129000000
5430000
14400000
1550000
5790000
32900000
217000000
735000
18100000
1930000
114000000
310000000
125000000
1210000
141000000
2120000
158000000
12310000000
77800000
62800000
43800000
166000000
31300000
22200000
59300000
49600000
2070000
73900000
24500000
1620000000
39300000
297000000
17200000
40300000
384000000
31800000
12400000
523000000
67700000
7450000
81300000
71500000
19300000
76500000
468000
20800000
30700000
94000000
1420000
26100000
5240000
2910000
257000000
666000
19700000
141000000
4960000
2230000
212000000
51500000
1280000
7200000
3650000
7310000
16700000
62300000
11600000
4330000
64300000
21500000
2540000
2640000
85400000
144000000
2080000
1370000
636000
53600000
562000000
20000000
263000
8120000
2020000
402000000
727000
172000
27400000
352000
1440000
30400000
3830000
5050000
281000000
1390000
107000000
181000000
82500000
51100000
14500000
12000000
50900000
56000000
13400000
3430000
4260000
29200000
1550000
143000000
130000000
592000
20700000
19200000
2110000
30400000
14000000
21400000
2240000
1920000
26500000
285000000
5300000
108000000
18000000
55600000
1930000
2550000
1360000
1700000
2220000
75600000
42400000
1620000
46700000
87600000
71900000
7280000
5750000
13400000
982000000
1270000000
3080000
8910000
57400000
1560000
78700000
209000
605000000
4380000
45600000
43300000
6890000
30700000
26100000
66700000
14100000
293000000
8570
375000
2460000
121000000
184000000
111000000
65800000
512000000
139000000
365000000
258000000
78100000
721000000
43600000
63800000
194000
65700000
5500000
4120000
156000000
155000000
25270000000
94800000
107000000
676000000
122000000
21100000
337000000
756000000
3770000
76700000
131000000
101000000
4180000
4680000
59800000
14400000
214000000
19400000
111000000
80800000
13700000
64000000
91200000
16600000
32100000
785000000
1060000
12700000
97200000
49500000
35300000
262000000
108000000
4880000
5070000
22500000
8810000
48200000
1400000
1030000
58900000
59900000
720000
11900000
32900000
187000000
24400000
39900000
257000000
732000
19800000
12000000
1870000
42400000
6840000000
23900000
515000000
559000000
150000000
3520000
290000000
648000
26500000
1100000
6770000
2010000
451000
47200000
156000000
40300000
4350000
128000000
52800000
16000000
89100000
4260000
47600
2010000
29000000
572000
8770000
24200000
29900000
176000000
2330000000
1470000000
1360000000
226000000
3760000
2110000
14100000
10500000
50600000
13400000
2280000
791000
31200000
81900000
35200000
4590000
3610000
10700000
67800000
4010000
6840000
77100000
12200000
291000000
33500000
6520000
18500000
70000000
7760000
55700000
112000000
33100000
13200000
60600000
6560000
281000
46000000
11800000
326000000
389000000
174000000
26900000
284000000
13500000
41200000
5330000
186000000
1210000
41500000
909000
11400000
12400000
5970000
6340000
20500000
24600000
21600000
567000
1870000
68100000
5590000
1740000
16600000
5880000
1140000
113000000
904000
30000000
321000000
46600000
184000000
21700000
8200000
133000000
38200000
387000
84200000
1220000
4750000
67200000
1800000
43100000
20000000
926000
2770000
1290000000
376000000
129000000
20700000
1600000
118000000
117000000
86000000
2750000
111000000
3680000
14600000
1060000
904000
42800000
818000
40200000
47100000
13200000
4420000
91000000
20500000
22000000
338000000
22800000
23800000
47600000
106000000
67400000
341000
10300000
16300000
350000000
73900000
343000000
489000
61300000
4690000000
251000000
784000000
923000000
4410000
450000000
6880000
139000000
102000000