918000000
2810000
260000000
260000000
1340000
88500000
58100000
260000000
45500000
58900000
58900000
27300000
21400000
50700000
43700000
1680000
43700000
43700000
43700000
13000000
1200000
130000000
824000
824000
824000
381000000
34000000
9450000
9450000
9450000
9450000
9450000
284000000
33500000
33500000
269000000
6250000
3820000
3820000
3820000
260000000
260000000
191000000
14200000
6230000
6230000
9450000
9450000
9450000
9450000
9450000
9450000
9450000
9450000
97100000
97100000
9450000
9450000
824000
824000
3820000
6660000
6660000
6660000
6660000
6660000
824000
33700000
5180000
5180000
5180000
5180000
5180000
5180000
5180000
6250000
253000000
425000000
25000000
22700000
260000000
260000000
253000000
130000000
11800000
34500000
34500000
34500000
479000000
479000000
25900000
1460000
767000
2660000
24500000
24500000
58000000
58000000
58000000
59300000
59300000
253000000
253000000
3330000
3330000
22700000
22700000
331000000
34500000
34500000
767000
293000000
25900000
70200000
35200000
57900
57900
2340000
176000000
176000000
253000000
253000000
284000000
284000000
284000000
1600000
207000000
11500000
11500000
502000000
11100000
1310000
1310000
5520
5520
5520
5520
6330000
35700000
35700000
35700000
35700000
35700000
35700000
284000000
284000000
26000000
1310000
1960000
1950000
873000
35700000
35700000
1850000
1880000
64800000
3820000
105000000
319000
6860000
441000000
163000000
163000000
3460000
3460000
27300000
27300000
130000000
425000000
22700000
22700000
79500000
284000000
284000000
269000000
269000000
2880000
136000000
11700000
76700000
97100000
97900000
69500000
64100000
3230000
1600000000
33000000
7260000
7260000
3480000
1520000
3480000
3480000
31500000
19700000
1160000
1160000
1160000
990000
17900000
42500000
42500000
39200000
432000000
21800000
127000000
565000
565000
59100000
62700000
62700000
212000000
212000000
212000000
11200000
222000000
272000000
62700000
419000
11500000
44900000
2310000
2310000
2310000
9410000
1210000
52800000
52800000
52800000
2310000
2690000
2690000
159000000
34400000
54600
54600
8300000
8300000
69400000
32500000
32600000
34400000
34400000
7620000
1640000
1640000
1640000
11900000
7940000
7940000
944000
22400000
22400000
2310000
2310000
1780000000
1780000000
5980000
12000000
12000000
11000000
11000000
2030000
287000000
3500000
791000
791000
496000
791000
791000
9420000
1820000
1820000
1510000
3500000
3500000
54700000
191000
2000000
6750000
1910000
1120000
70000000
1480000000
1480000000
1480000000
20400000
20300000
251000
251000
251000
251000
251000
251000
251000
251000
251000
251000
251000
33400000
1350000
65700000
28000000
28000000
9840000
28000000
39600000
3650000
79100000
9270000
9270000
9270000
9270000
1050000
22200000
44700000
16300000
24200000
24200000
24200000
24200000
11700000
768000
768000
791000
791000
791000
791000
791000
791000
791000
12000000
12000000
12000000
12000000
12000000
15500000
15500000
77700000
77700000
35100000
9090000
3120000
6200000
26600000
26600000
26600000
26600000
14000000
14000000
7210000
77700000
144000000
144000000
144000000
37000000
38200000
278000000
77700000
37000000
144000000
1510000
1120000
924000000
351000000
569000000
33000000
33000000
1460000
1460000
74300000
7790000
902000000
902000000
2580000
2580000
98100000
5300000000
5300000000
249000000
249000000
396000000
133000000
2870000000
84300000
241000000
1160000
1160000
189000000
460000000
97800000
97800000
97800000
97800000
97800000
97800000
97800000
97800000
97800000
97800000
899000
899000
86600
86600
709000
1310000
2150000
1590000
1190000
1190000
1190000
1190000
47700000
7260000
7750000
262000000
262000000
9840000
9840000
21600000
81300000
52200000
52200000
52200000
9740000
15800000
12600000
74000000
3700000
19500000
19500000
19500000
37900000
1490000
1290000
37900000
37900000
37900000
37900000
37900000
88300000
88300000
88300000
3020000
21600000
21600000
21600000
49500000
49500000
141000000
133000000
133000000
114000000
303000000
303000000
2110000000
4260000000
82500000
82500000
7800000
7800000
7800000
7800000
18400000
17400000
76500000
17700000
31600000
31600000
90900000
180000000
180000000
10500000
22800000
22800000
22800000
1680000
1680000
1680000
73100000
73100000
4890000
3720000
2100000
100000000
362000
362000
45100000
62600000
1110000
1110000
2730000
2730000
9960000
57800000
197000000
52700000
1680000
764000
178000
26400000
26400000
362000000
362000000
362000000
130000000
130000000
17100000
26400000
741000000
61600000
61600000
1140000
1140000
1290000
82500000
3080000
15600000
4480000000
90700000
30800000
49900000
892000
741000000
61600000
1020000
23400000
4780000
17500000
26500000
9690000
57800000
226000000
76500000
154000000
154000000
154000000
5440000
154000000
154000000
3530000
19400000
15900000
15200000
2370000
15200000
15200000
15200000
17500000
8550000
2520000
5470000
3040000
3900000
3900000
3900000
32600000
23500000
23500000
23500000
23500000
27000000
567000
567000
567000
567000
567000
567000
567000
567000
567000
567000
24700000
24700000
24700000
24700000
1220000
7340000
1100000
278000000
66200000
117000000
117000000
117000000
117000000
117000000
69100000
4790000
4790000
4790000
4790000
11800000
3370000
29700000
29700000
29700000
110000000
110000000
110000000
582000
261000000
18000000
1820000
791000
791000
4790000
4790000
4790000
44300000
107000000
1630000
1630000
112000000
14000000
14000000
14000000
14000000
1550000
1770000000
90200000
177000000
180000000
110000000
110000000
113000000
110000000
113000000
113000000
14300000
38200000
39200000
39200000
46000000
46000000
1920000
1920000
1920000
1860000
1920000
1860000
11600000
10300000
46000000
13310000000
24000000
269000000
24000000
56500000
57900000
6260000
6260000
21200000
24000000
27300000
61600000
45100000
14300000
14000000
6200000
3560000
25400000
80100000
4450000
397000
1120000
1120000
1120000
1560000
1120000
1560000
1560000
2550000
29500000
212000000
4470000
1960000
14000000
52500000
6210000
80600000
1180000
4470000
2660000
2660000
2660000
2660000
2660000
2250000
2250000
2250000
2250000
2250000
2250000
2250000
2250000
2250000
130000000
47100000
130000000
130000000
149000
423000
324000
324000
324000
324000
324000
324000
324000
569000
2160000
6310000
6310000
2480000
76000000
381000000
381000000
381000000
381000000
381000000
381000000
381000000
381000000
603000
89500
1920000
427000000
427000000
25200000
25200000
25200000
25200000
25200000
25200000
1310000
3210000
3210000
212000000
381000000
381000000
61100000
23200000
22700000
22700000
4470000
4470000
913000000
913000000
105000000
105000000
29700000
180000000
1610000
1820000
369000000
4560000
72500000
72500000
72500000
2690000
2690000
54700000
71500000
71500000
71500000
71500000
71500000
25700000
25700000
122000000
1490000
533000
533000
533000
791000
791000
791000
110000000
15200000
114000000
913000000
913000000
16400000
25100000
1850000
3920000
3920000
12100000
369000000
369000000
1480000000
99700000
1870000
1700000
251000000
26200000
26200000
15200000
17700000
4010000000
47000000
91200000
1510000
1460000
1460000
45300000
45300000
2190000
2190000
1810000
887000
1470000
1470000
1470000
1470000
72500000
72500000
36400000
36400000
47000000
62000000
74800000
66000000
8140000
8140000
7830000
7830000
7830000
7830000
7830000
7830000
45900000
1380000
35300000
32600000
252000000
211000
6220000
6220000
13700000
13700000
4020000
1470000000
1610000000
548000000
2870000
2870000
57200000
26600000
57200000
57200000
5820000
26600000
25600000
25600000
702000000
290000000
290000000
7870
7870
7870
329000
2090000
11600000
199000000
163000000
96700000
59300000
163000000
163000000
301000000
163000000
163000000
422000000
110000000
110000000
110000000
110000000
110000000
107000000
163000000
163000000
68100000
68100000
254000000
40400000
616000000
55700000
630000
57300000
4760000
4760000
4760000
4760000
4760000
131000000
4180000000
4180000000
57300000
3650000
57300000
4760000
18400000
133000000
133000000
120000000
120000000
120000000
120000000
101000000
101000000
101000000
492000000
131000000
5200000000
101000000
101000000
101000000
101000000
322000000
20100000
3290000
3290000
125000000
125000000
70800000
612000
17600000
70000000
116000000
4780000
1960000
results
results
190000000
49200000
3670000
3670000
3670000
3670000
3670000
3670000
54100000
54100000
4200000
1420000000
14400000
92700000
92700000
89200000
89200000
89200000
51700000
51700000
51700000
30500000
30500000
13200000
13200000
4190000
1790000000
4190000
11700000
1790000000
56100000
56100000
56100000
56100000
89200000
89200000
89200000
4750000
4750000
4190000
4190000
4190000
4190000
4190000
14300000
749000000
996000
996000
4180000
30500000
30500000
30200000
30200000
80800000
80800000
80800000
80800000
42100000
130000000
130000000
130000000
11700000
11700000
11700000
99800000
239000000
51700000
51700000
51700000
51700000
51700000
51700000
54300000
40800000
40800000
40800000
660000
660000
7560000
7560000
7560000
1250000
1250000
51700000
51700000
172000000
54300000
54300000
19700000
31300000
19700000
19700000
19700000
31300000
8840000
22200000
36500000
239000000
650000
18300000
129000000
129000000
111000000
696000
19700000
13800000
13800000
7610000
40800000
3080000
3080000
3080000
3080000
74600000
3080000
3080000
3080000
10400000
7120000000
23300000
23300000
551000000
551000000
1340000000
1340000000
234000000
119000000
119000000
239000000
3080000
3080000
22600000
607000
839000
39200000
39200000
39200000
39200000
39200000
999000
1830000
1830000
7950000
428000
129000000
33700000
4090000
46600000
10300000
3940000
74600000
43800
43800
366000000
74600000
74600000
74600000
1800000
24700000
410000
410000
74600000
261000000
25500000
21200000
4590000
6180000
126000000
60000000
237000000
21000000
93800000
454000
1490000000
1490000000
3330000
3330000
11900000
37000000
144000000
144000000
1220000000
189000000
166000000
166000000
8290000
8290000
43400000
11000000
1200000
1900000
75200000
1450000
8930000
8930000
72800000
3070000
61000000
11000000
11000000
65800000
4160000
10400000
28000000
241000000
294000000
29800000
5470000
16800000
29800000
26600000
17600000
5790000
5790000
5790000
5790000
5790000
265000000
265000000
819000
11800000
52800000
52800000
5790000
5580000
5580000
5580000
97800000
97800000
29300000
40900000
287000000
287000000
40100000
40100000
5600000
388000000
388000000
10300000
10300000
10300000
40100000
23800000
140000000
11900000
40100000
40100000
287000000
241000000
1100000000
40100000
5580000
791000
791000
11100000
11100000
613000
11100000
10500000
5580000
5580000
791000
723000
36400000
164000000
18000000
5600000
2700000
2700000
1380000
491000
1690000
6180000
5040000
5040000
2280000
14400000
1070000
60500000
4870000
45500000
45500000
12700000
292000000
292000000
292000000
292000000
292000000
292000000
292000000
292000000
7300000
18900000
31700000
116000000
164000000
164000000
515000
16300000
74000000
1240000
1540000
37100000
37100000
37100000
37100000
37100000
37100000
37100000
4220000
64100000
860000
16300000
187000000
74600000
2460000
41500000
41500000
30600000
30600000
3570000
3570000
9950000
1060000000
120000000
120000000
328000000
17800000
17800000
1180000
1180000
1600000
1600000
135000000
135000000
14100000
97800000
97800000
97800000
481000
8160000
2280000
2280000
8120000
93800000
1490000
64100000
2750000
4600000000
280000000
19700000
19700000
19700000
19700000
19700000
803000
3270000
146000000
36400000
9970000
9970000
432000000
432000000
686000
9970000
859000
19700000
19700000
19700000
19700000
19700000
19700000
19700000
77300000
1160000
1160000
1160000
43900000
10700000
30600000
33000000
33000000
103000000
68800000
20700000
53800000
21400000
432000000
285000000
79800000
1620000
127000000
308000
13900000
17100000
26400000
5330000
784000000
18920000000
209000000
241000000
1860000
1860000
