65500000
9380000
130000000
267000000
9840000
250000000
5250000
44200000
21100000
3320000
289000000
273000000
2220000
621000000
16400000
34600000
6160000
2180000
10800000
56200000
161000000
962000
357000000
3550000000
42500000
102000000
5010000
43600000
15100000
10900000
102000000
15100000
739000000
58500000
5600000
11000000
718000
3660000
1330000
75100000
1060000
60000000
1160000000
1080000000
1940000000
7920000
274000000
49900000
2800000
2580000
148000000
3600000
10600000
8070000
4770000
226000000
2270000
483000
38100000
98000000
180000000
14400000
60400000
192000000
21400000
1880000
6720000
7520000
2290000000
153000000
18300000
5480000
984000000
176000000
37800000
125000000
33500000
5220000
459000000
30200000
34900000
2540000
16400000
2160000
237000000
62400000
4370000
85500000
12500000
20200000
203000000
652000000
125000000
3460000
46500000
2710000
24600000
1420000
15900000
25400000
51400000
3980000000
155000000
211000000
16600000
24300000
22500000
13000000
159000000
6370000
1850000
16000000
390000000
201000000
190000000
1990000
49800000
134000000
192000000
13800000
8750000
10900000
169000000
10800000
66800000
1480000
6060000
361000000
104000000
206000000
22400000
27800000
28300000
260000000
150000000
116000000
1900000000
111000000
3620000
45800000
245000000
44900000
14500000
54300000
63700000
13400000
82700000
229000000
25400000
1520000000
1510000000
26200000
192000000
190000000
95200000
7230000
76800000
3770000
32700000
2210000
30500000
1030000
2930000
60500000
17000000
8770000
221000000
6490000
74800000
59700000
124000000
28000000
13400000
2160000
102000000
24600000
569000
86300000
16700000
189000000
34700000
26600000
884000
275000000
24900000
949000000
56500000
223000000
14500000
1240000000
18300000
3570000
7410000
110000000
16800000
17300000
118000000
23000000
43200000
475000000
278000000
671000000
52000000
1150000000
9870000
517000
240000000
45200000
2450000
19400000
1640000000
41500000
389000000
1420000
97800000
182000000
90300000
54800000
9080000
106000000
12500000
155000000
27300000
10500000
112000000
65200000
60800000
99700000
6090000
111000000
5260000
858000
26800000
86200000
14200000
8140000
55000000
17100000
33100000
40600000
20000000
6510000
19100000
176000000
9010000
41900000
151000000
156000000
23300000
147000000
6180000
2550000
3590000
4090000
68700000
2530000
90900000
26100000
4130000
13900000
156000000
27900000
35400000
3360000
45400000
6840000
2510000
49100000
13800000
4270000
88200000
11700000
13200000
67700000
145000000
53700000
7490000
45100000
1270000
173000000
6530000
3970000
251000000
127000000
16900000
21000000
1010000
42100000
295000000
104000000
45800000
173000000
2390000
2000000
12400000
12400000
277000000
12400000
14300000
358000000
352000000
164000000
4840000
8700000
7840000
633000
2570000
469000
729000
75700000
1590000
678000
2160000
181000000
261000000
177000000
51300000
9230000
4650000
282000000
11700000
51800000
33100000
22000000
10900000
45200000
3340000
848000000
463000000