56300000
458000000
437000000
32900000
217000000
12400000
670000000
1920000
600000000
19700000
8590000
478000000
4160000
141000000
337000
63700000
53300000
76100000
606000000
10700000
10400000
6400000
293000000
3850000
186000000
2590000000
5060000000
984000000
11700000
560000000
45600000
2810000
869000000
89500000
222000000
1380000
53100000
8790000000
569000000
2360000000
616000000
73800000
107000000
88400000
10500000
798000000
49300000
457000000
468000000
31200000
155000000
5460000
151000000
3430000000
438000000
1070000000
55100000
87500000
455000000
51200000
394000000
441000000
11000000
241000000
415000000
15700000
30600000
327000000
9140000
1450000
226000000
486000000
71200000
109000000
1760000000
361000000
1840000000
2970000000
134000000
139000000
39100000
1450000000
145000000
872000000
184000000
305000000
15400000
3330000
11900000
123000000
3410000
362000000
67700000
854000000
170000000
87900000
70700000
174000000
1130000000
80500000
26100000
516000000
59900000
177000000
1370000000
738000000
1360000000
209000000
40800000
8660000000
282000000
233000000
169000000
20700000
29500000
32900000
21500000
183000000
65200000
161000000
402000000
264000000
37200000
9110000
11500000
83000000
155000000
9990000
312000
223000000
241000000
119000000
28100000
22200000
3970000
15900000
8940000
17300000
18800000
88000000
805000000
